# Depth [km]	C1	M2	Joint_L1	Joint_L2
 0.00000000e+00 6.60000000e+00 6.60000000e+00 6.60000000e+00 6.60000000e+00
 1.00000000e+00 2.61397106e-03 2.50802129e-04 1.85566421e-04 1.96502572e-04
 1.00000000e+01 2.63246593e-03 2.51594165e-04 1.85616460e-04 1.97691143e-04
 2.20000000e+01 2.65265922e-03 2.80631705e-04 1.86642803e-04 2.09729737e-04
 3.70000000e+01 2.68778049e-03 3.54695179e-04 1.86464020e-04 2.45631212e-04
 5.20000000e+01 2.77973242e-03 5.25927957e-04 2.07365271e-04 3.26510598e-04
 6.50000000e+01 2.89281608e-03 8.58294081e-04 3.38985717e-04 4.86903123e-04
 8.00000000e+01 3.04435328e-03 1.59428292e-03 2.91027871e-03 8.02522009e-04
 9.50000000e+01 3.26218318e-03 3.17816244e-03 8.28514345e-03 1.40649800e-03
 1.12000000e+02 3.54058246e-03 6.17328341e-03 1.10105355e-02 2.59563098e-03
 1.32000000e+02 3.86787203e-03 1.18333108e-02 1.66427647e-02 4.92561927e-03
 1.55000000e+02 4.45480263e-03 2.13339364e-02 4.21278280e-02 9.18425762e-03
 1.80000000e+02 5.41444105e-03 3.60975217e-02 5.50176489e-02 1.63598664e-02
 2.10000000e+02 6.65127058e-03 5.31501169e-02 5.60439770e-02 2.65015744e-02
 2.45000000e+02 8.48962808e-03 6.68702069e-02 5.72961580e-02 3.88830144e-02
 2.80000000e+02 1.14794210e-02 7.55816518e-02 5.75971780e-02 5.12235311e-02
 3.20000000e+02 1.63424555e-02 8.06217345e-02 5.82435230e-02 6.27430545e-02
 3.60000000e+02 2.48301322e-02 8.11798078e-02 6.01536351e-02 7.46260603e-02
 4.00000000e+02 4.21861065e-02 8.44309864e-02 6.05807332e-02 9.00420295e-02
 4.40000000e+02 8.15570406e-02 8.47879582e-02 6.32012895e-02 1.13760039e-01
 4.90000000e+02 1.72333078e-01 8.83540199e-02 7.15683076e-02 1.64485845e-01
 5.50000000e+02 4.06765732e-01 9.22459160e-02 1.11296429e-01 2.96647577e-01
 6.00000000e+02 8.47175893e-01 9.67730319e-02 7.65457157e-01 6.33145910e-01
 6.60000000e+02 1.17330684e+00 9.97155705e-02 1.41014047e+00 1.22859844e+00
 7.30000000e+02 1.29505748e+00 1.05014527e-01 1.41060493e+00 1.38365962e+00
 8.00000000e+02 1.30711438e+00 1.12216432e-01 1.40162900e+00 1.38339130e+00
 8.80000000e+02 1.31441793e+00 1.21470595e-01 1.39632487e+00 1.35149690e+00
 9.80000000e+02 1.31358212e+00 1.29984630e-01 1.39264975e+00 1.32778932e+00
 1.08000000e+03 1.31818566e+00 1.39335495e-01 1.39452322e+00 1.31743245e+00
 1.19000000e+03 1.34148715e+00 1.45994684e-01 1.39745435e+00 1.34767795e+00
 1.30000000e+03 1.46439652e+00 1.51266922e-01 1.52878629e+00 1.47450088e+00
 1.40000000e+03 1.70823477e+00 1.57211208e-01 1.62420400e+00 1.72808191e+00
 1.50000000e+03 2.07372372e+00 1.61175093e-01 1.83605043e+00 2.10727683e+00
 1.60000000e+03 2.51756803e+00 1.67250208e-01 2.18199537e+00 2.56125058e+00
 1.70000000e+03 2.98751946e+00 1.66574998e-01 2.25713992e+00 2.97855819e+00
 1.80000000e+03 3.33492050e+00 1.70851954e-01 2.29395188e+00 3.30192598e+00
 1.90000000e+03 3.58868152e+00 1.73835284e-01 2.31582263e+00 3.50669179e+00
 2.00000000e+03 3.74149771e+00 1.77540171e-01 2.31632379e+00 3.64410324e+00
 2.10000000e+03 3.83588159e+00 1.84255898e-01 2.30987342e+00 3.68276159e+00
 2.20000000e+03 3.88608650e+00 1.84467186e-01 2.31682782e+00 3.70377844e+00
 2.30000000e+03 3.91153643e+00 1.87238211e-01 2.31568700e+00 3.70790175e+00
 2.40000000e+03 3.93178739e+00 1.87791741e-01 2.32715311e+00 3.69776953e+00
 2.50000000e+03 3.92552288e+00 1.88766417e-01 2.31482981e+00 3.69374327e+00
 2.60000000e+03 3.91092486e+00 1.89928238e-01 2.31505702e+00 3.68809684e+00
 2.70000000e+03 3.90423233e+00 1.89906308e-01 2.31476792e+00 3.68298159e+00
 2.80000000e+03 3.89636220e+00 1.88345003e-01 2.31344775e+00 3.67406401e+00
